##  LIGNE     : X, Y, X2, Y2, 			R, V, B, TRANSPARENCE, Z;
## TRIANGLE  : X, Y, X1, Y1, X2, Y2	      , R, V, B, TRANSPARENCE, Z;
##  RECTANGLE : X, Y, LONGUEUR, LARGEUR, ANGLED, R, V, B, TRANSPARENCE, Z;
##  CARRE     : X, Y, COTE	      , ANGLED, R, V, B, TRANSPARENCE, Z;
##  POINT     : X, Y			      , R, V, B, TRANSPARENCE, Z;
##  CERCLE    : X, Y, RAYON		      , R, V, B, TRANSPARENCE, Z;
## ARC       : X, Y, RAYON, ANGLED1  , ANGLED2, R, V, B, TRANSPARENCE, Z;
//1080, 1920


##  ROUGE
ARC : 950, 800, 600, 0, 180, 255, 0, 0, 100, 0;
ARC : 950, 800, 599, 0, 180, 255, 0, 0, 100, 0;
ARC : 950, 800, 598, 0, 180, 255, 0, 0, 100, 0;
ARC : 950, 800, 597, 0, 180, 255, 0, 0, 100, 0;
ARC : 950, 800, 596, 0, 180, 255, 0, 0, 100, 0;
ARC : 950, 800, 595, 0, 180, 255, 0, 0, 100, 0;
ARC : 950, 800, 594, 0, 180, 255, 0, 0, 100, 0;
ARC : 950, 800, 593, 0, 180, 255, 0, 0, 100, 0;
ARC : 950, 800, 592, 0, 180, 255, 0, 0, 100, 0;
ARC : 950, 800, 591, 0, 180, 255, 0, 0, 100, 0;
ARC : 950, 800, 590, 0, 180, 255, 0, 0, 100, 0;
ARC : 950, 800, 589, 0, 180, 255, 0, 0, 100, 0;
ARC : 950, 800, 588, 0, 180, 255, 0, 0, 100, 0;
ARC : 950, 800, 587, 0, 180, 255, 0, 0, 100, 0;
ARC : 950, 800, 586, 0, 180, 255, 0, 0, 100, 0;
ARC : 950, 800, 585, 0, 180, 255, 0, 0, 100, 0;
ARC : 950, 800, 584, 0, 180, 255, 0, 0, 100, 0;
ARC : 950, 800, 583, 0, 180, 255, 0, 0, 100, 0;
ARC : 950, 800, 582, 0, 180, 255, 0, 0, 100, 0;
ARC : 950, 800, 581, 0, 180, 255, 0, 0, 100, 0;

##  ORANGE
ARC : 950, 800, 580, 0, 180, 255, 150, 0, 100, 0;
ARC : 950, 800, 579, 0, 180, 255, 150, 0, 100, 0;
ARC : 950, 800, 578, 0, 180, 255, 150, 0, 100, 0;
ARC : 950, 800, 577, 0, 180, 255, 150, 0, 100, 0;
ARC : 950, 800, 576, 0, 180, 255, 150, 0, 100, 0;
ARC : 950, 800, 575, 0, 180, 255, 150, 0, 100, 0;
ARC : 950, 800, 574, 0, 180, 255, 150, 0, 100, 0;
ARC : 950, 800, 573, 0, 180, 255, 150, 0, 100, 0;
ARC : 950, 800, 572, 0, 180, 255, 150, 0, 100, 0;
ARC : 950, 800, 571, 0, 180, 255, 150, 0, 100, 0;
ARC : 950, 800, 570, 0, 180, 255, 150, 0, 100, 0;
ARC : 950, 800, 569, 0, 180, 255, 150, 0, 100, 0;
ARC : 950, 800, 568, 0, 180, 255, 150, 0, 100, 0;
ARC : 950, 800, 567, 0, 180, 255, 150, 0, 100, 0;
ARC : 950, 800, 566, 0, 180, 255, 150, 0, 100, 0;
ARC : 950, 800, 565, 0, 180, 255, 150, 0, 100, 0;
ARC : 950, 800, 564, 0, 180, 255, 150, 0, 100, 0;
ARC : 950, 800, 563, 0, 180, 255, 150, 0, 100, 0;
ARC : 950, 800, 562, 0, 180, 255, 150, 0, 100, 0;
ARC : 950, 800, 561, 0, 180, 255, 150, 0, 100, 0;

##  JAUNE
ARC : 950, 800, 560, 0, 180, 255, 255, 0, 100, 0;
ARC : 950, 800, 559, 0, 180, 255, 255, 0, 100, 0;
ARC : 950, 800, 558, 0, 180, 255, 255, 0, 100, 0;
ARC : 950, 800, 557, 0, 180, 255, 255, 0, 100, 0;
ARC : 950, 800, 556, 0, 180, 255, 255, 0, 100, 0;
ARC : 950, 800, 555, 0, 180, 255, 255, 0, 100, 0;
ARC : 950, 800, 554, 0, 180, 255, 255, 0, 100, 0;
ARC : 950, 800, 553, 0, 180, 255, 255, 0, 100, 0;
ARC : 950, 800, 552, 0, 180, 255, 255, 0, 100, 0;
ARC : 950, 800, 551, 0, 180, 255, 255, 0, 100, 0;
ARC : 950, 800, 550, 0, 180, 255, 255, 0, 100, 0;
ARC : 950, 800, 549, 0, 180, 255, 255, 0, 100, 0;
ARC : 950, 800, 548, 0, 180, 255, 255, 0, 100, 0;
ARC : 950, 800, 547, 0, 180, 255, 255, 0, 100, 0;
ARC : 950, 800, 546, 0, 180, 255, 255, 0, 100, 0;
ARC : 950, 800, 545, 0, 180, 255, 255, 0, 100, 0;
ARC : 950, 800, 544, 0, 180, 255, 255, 0, 100, 0;
ARC : 950, 800, 543, 0, 180, 255, 255, 0, 100, 0;
ARC : 950, 800, 542, 0, 180, 255, 255, 0, 100, 0;
ARC : 950, 800, 541, 0, 180, 255, 255, 0, 100, 0;


##  VERT
ARC : 950, 800, 540, 0, 180, 0, 255, 0, 100, 0;
ARC : 950, 800, 539, 0, 180, 0, 255, 0, 100, 0;
ARC : 950, 800, 538, 0, 180, 0, 255, 0, 100, 0;
ARC : 950, 800, 537, 0, 180, 0, 255, 0, 100, 0;
ARC : 950, 800, 536, 0, 180, 0, 255, 0, 100, 0;
ARC : 950, 800, 535, 0, 180, 0, 255, 0, 100, 0;
ARC : 950, 800, 534, 0, 180, 0, 255, 0, 100, 0;
ARC : 950, 800, 533, 0, 180, 0, 255, 0, 100, 0;
ARC : 950, 800, 532, 0, 180, 0, 255, 0, 100, 0;
ARC : 950, 800, 531, 0, 180, 0, 255, 0, 100, 0;
ARC : 950, 800, 530, 0, 180, 0, 255, 0, 100, 0;
ARC : 950, 800, 529, 0, 180, 0, 255, 0, 100, 0;
ARC : 950, 800, 528, 0, 180, 0, 255, 0, 100, 0;
ARC : 950, 800, 527, 0, 180, 0, 255, 0, 100, 0;
ARC : 950, 800, 526, 0, 180, 0, 255, 0, 100, 0;
ARC : 950, 800, 525, 0, 180, 0, 255, 0, 100, 0;
ARC : 950, 800, 524, 0, 180, 0, 255, 0, 100, 0;
ARC : 950, 800, 523, 0, 180, 0, 255, 0, 100, 0;
ARC : 950, 800, 522, 0, 180, 0, 255, 0, 100, 0;
ARC : 950, 800, 521, 0, 180, 0, 255, 0, 100, 0;

##  BLEU
ARC : 950, 800, 520, 0, 180, 0, 250, 250, 100, 0;
ARC : 950, 800, 519, 0, 180, 0, 250, 250, 100, 0;
ARC : 950, 800, 518, 0, 180, 0, 250, 250, 100, 0;
ARC : 950, 800, 517, 0, 180, 0, 250, 250, 100, 0;
ARC : 950, 800, 516, 0, 180, 0, 250, 250, 100, 0;
ARC : 950, 800, 515, 0, 180, 0, 250, 250, 100, 0;
ARC : 950, 800, 514, 0, 180, 0, 250, 250, 100, 0;
ARC : 950, 800, 513, 0, 180, 0, 250, 250, 100, 0;
ARC : 950, 800, 512, 0, 180, 0, 250, 250, 100, 0;
ARC : 950, 800, 511, 0, 180, 0, 250, 250, 100, 0;
ARC : 950, 800, 510, 0, 180, 0, 250, 250, 100, 0;
ARC : 950, 800, 509, 0, 180, 0, 250, 250, 100, 0;
ARC : 950, 800, 508, 0, 180, 0, 250, 250, 100, 0;
ARC : 950, 800, 507, 0, 180, 0, 250, 250, 100, 0;
ARC : 950, 800, 506, 0, 180, 0, 250, 250, 100, 0;
ARC : 950, 800, 505, 0, 180, 0, 250, 250, 100, 0;
ARC : 950, 800, 504, 0, 180, 0, 250, 250, 100, 0;
ARC : 950, 800, 503, 0, 180, 0, 250, 250, 100, 0;
ARC : 950, 800, 502, 0, 180, 0, 250, 250, 100, 0;
ARC : 950, 800, 501, 0, 180, 0, 250, 250, 100, 0;

##  INDIGO
ARC : 950, 800, 500, 0, 180, 0, 0, 255, 100, 0;
ARC : 950, 800, 499, 0, 180, 0, 0, 255, 100, 0;
ARC : 950, 800, 498, 0, 180, 0, 0, 255, 100, 0;
ARC : 950, 800, 497, 0, 180, 0, 0, 255, 100, 0;
ARC : 950, 800, 496, 0, 180, 0, 0, 255, 100, 0;
ARC : 950, 800, 495, 0, 180, 0, 0, 255, 100, 0;
ARC : 950, 800, 494, 0, 180, 0, 0, 255, 100, 0;
ARC : 950, 800, 493, 0, 180, 0, 0, 255, 100, 0;
ARC : 950, 800, 492, 0, 180, 0, 0, 255, 100, 0;
ARC : 950, 800, 491, 0, 180, 0, 0, 255, 100, 0;
ARC : 950, 800, 490, 0, 180, 0, 0, 255, 100, 0;
ARC : 950, 800, 489, 0, 180, 0, 0, 255, 100, 0;
ARC : 950, 800, 488, 0, 180, 0, 0, 255, 100, 0;
ARC : 950, 800, 487, 0, 180, 0, 0, 255, 100, 0;
ARC : 950, 800, 486, 0, 180, 0, 0, 255, 100, 0;
ARC : 950, 800, 485, 0, 180, 0, 0, 255, 100, 0;
ARC : 950, 800, 484, 0, 180, 0, 0, 255, 100, 0;
ARC : 950, 800, 483, 0, 180, 0, 0, 255, 100, 0;
ARC : 950, 800, 482, 0, 180, 0, 0, 255, 100, 0;
ARC : 950, 800, 481, 0, 180, 0, 0, 255, 100, 0;

##  VIOLET
ARC : 950, 800, 480, 0, 180, 255, 0, 255, 100, 0;
ARC : 950, 800, 479, 0, 180, 255, 0, 255, 100, 0;
ARC : 950, 800, 478, 0, 180, 255, 0, 255, 100, 0;
ARC : 950, 800, 477, 0, 180, 255, 0, 255, 100, 0;
ARC : 950, 800, 476, 0, 180, 255, 0, 255, 100, 0;
ARC : 950, 800, 475, 0, 180, 255, 0, 255, 100, 0;
ARC : 950, 800, 474, 0, 180, 255, 0, 255, 100, 0;
ARC : 950, 800, 473, 0, 180, 255, 0, 255, 100, 0;
ARC : 950, 800, 472, 0, 180, 255, 0, 255, 100, 0;
ARC : 950, 800, 471, 0, 180, 255, 0, 255, 100, 0;
ARC : 950, 800, 470, 0, 180, 255, 0, 255, 100, 0;
ARC : 950, 800, 469, 0, 180, 255, 0, 255, 100, 0;
ARC : 950, 800, 468, 0, 180, 255, 0, 255, 100, 0;
ARC : 950, 800, 467, 0, 180, 255, 0, 255, 100, 0;
ARC : 950, 800, 466, 0, 180, 255, 0, 255, 100, 0;
ARC : 950, 800, 465, 0, 180, 255, 0, 255, 100, 0;
ARC : 950, 800, 464, 0, 180, 255, 0, 255, 100, 0;
ARC : 950, 800, 463, 0, 180, 255, 0, 255, 100, 0;
ARC : 950, 800, 462, 0, 180, 255, 0, 255, 100, 0;
ARC : 950, 800, 461, 0, 180, 255, 0, 255, 100, 0;

CERCLES : 450, 750, 100, 200, 200, 200, 100, 3;
CERCLES : 350, 800, 100, 200, 200, 200, 100, 3;
CERCLES : 400, 850, 100, 200, 200, 200, 100, 3;
CERCLES : 510, 820, 100, 200, 200, 200, 100, 3;

##CERCLES : 450, 750, 100, 200, 200, 200, 20, 3;
##CERCLES : 350, 800, 100, 200, 200, 200, 20, 3;
##CERCLES : 400, 850, 100, 200, 200, 200, 20, 3;
##CERCLES : 510, 820, 100, 200, 200, 200, 20, 3;

CERCLES : 1500, 850, 100, 200, 200, 200, 100, 3;
CERCLES : 1400, 800, 100, 200, 200, 200, 100, 3;
CERCLES : 1450, 750, 100, 200, 200, 200, 100, 3;
CERCLES : 1560, 780, 100, 200, 200, 200, 100, 3;



##  ARC : 250, 250, 200, 50, 130, 40, 40, 40, 100, 2;
##  ARC : 250, 250, 155, 110, 190, 80, 80, 80, 100, 2;
##  ARC : 250, 250, 110, 170, 250, 120, 120, 120, 100, 2;
##  ARC : 250, 250, 65, 230, 310, 160, 160, 160, 100, 2;
##  ARC : 250, 250, 20, 290, 10, 200, 200, 200, 100, 2;
## CERCLE : 250, 250, 100, 255, 255, 0, 100, 3;
## POINT : 250, 250, 0, 0, 255, 100, 3;
## LIGNE : 50, 50, 50, 300, 255, 100, 0, 100, 3;
## CERCLES : 250, 250, 200, 200, 200, 200, 100, 4;
## CARRES : 200, 300, 100, 20, 100, 0, 200, 100, 0;
## TRIANGLE : 400, 350, 50, 300, 300, 50, 200, 255, 0, 100, 0; 

 
##CARRE : 10, 10, 20, 0, 0, 0, 200, 100, 2;
##RECTANGLE : 500, 500, 400, 200, 0, 0, 200, 0, 100, 0;
##CERCLE : 75, 30, 20, 200, 0, 0, 100, 1;
##LIGNE : 10, 90, 90, 70, 255, 100, 0, 100, 3;







